1;

%design specifications

Bm=[0.1761, 0];
Am=[1, -1.3205, 0.4966];

B=[0.1065, 0.0902];
A=[1, -1.6065, 0.6065];


