# Created by Octave 4.0.0, Mon Mar 14 08:31:25 2016 CET <piotr@piotr-Lenovo-B590>
# name: kp
# type: scalar
1.314876072102142


# name: ki
# type: scalar
0.08154270214586928


# name: kd
# type: scalar
5.300594165661761


